BEGIN: Histogram (response time <;#-Get;#-MultiGet;#-Set)
1600;6036;0;0 
1700;5493;0;0 
1800;5265;0;0 
1900;4940;0;0 
2000;4457;0;0 
2100;4191;0;0 
2200;3946;0;0 
2300;3712;0;0 
2400;3608;0;0 
2500;3362;0;0 
2600;3100;0;0 
2700;2906;0;0 
2800;2797;0;0 
2900;2716;0;0 
3000;2588;0;0 
3100;2466;0;0 
3200;2353;0;0 
3300;2330;0;0 
3400;2217;0;0 
3500;2293;0;0 
3600;2118;0;0 
3700;2114;0;0 
3800;2016;0;0 
3900;1922;0;0 
4000;1816;0;0 
4100;1888;0;0 
4200;1923;0;0 
4300;1791;0;0 
4400;1813;0;0 
4500;1713;0;0 
4600;1714;0;0 
4700;1635;0;0 
4800;1475;0;0 
4900;1507;0;0 
5000;1447;0;0 
5100;1444;0;0 
5200;1426;0;0 
5300;1334;0;0 
5400;1405;0;0 
5500;1333;0;0 
5600;1276;0;0 
5700;1307;0;0 
5800;1291;0;0 
5900;1274;0;0 
6000;1304;0;0 
6100;1310;0;0 
6200;1330;0;0 
6300;1356;0;0 
6400;1362;0;0 
6500;1485;0;0 
6600;1585;0;0 
6700;1823;0;0 
6800;1825;0;0 
6900;1963;0;0 
7000;2178;0;0 
7100;2391;0;0 
7200;2576;0;0 
7300;2220;0;0 
7400;1754;0;0 
7500;1337;0;0 
histogramOutOfScopeNumber=1071281
histogramOutOfScopeRatio=0.8862072502684396
END: Histogram (#-out of scoope requests=1071281, 0.8862072502684396%, buckets for [0ms, 1000ms])
