BEGIN: Histogram (response time <;#-Get;#-MultiGet;#-Set)
1600;1821;0;0 
1700;1636;0;0 
1800;1389;0;0 
1900;1267;0;0 
2000;1196;0;0 
2100;1140;0;0 
2200;1062;0;0 
2300;992;0;0 
2400;957;0;0 
2500;893;0;0 
2600;846;0;0 
2700;776;0;0 
2800;787;0;0 
2900;715;0;0 
3000;678;0;0 
3100;615;0;0 
3200;631;0;0 
3300;650;0;0 
3400;578;0;0 
3500;597;0;0 
3600;574;0;0 
3700;623;0;0 
3800;578;0;0 
3900;598;0;0 
4000;591;0;0 
4100;589;0;0 
4200;649;0;0 
4300;654;0;0 
4400;652;0;0 
4500;688;0;0 
4600;580;0;0 
4700;573;0;0 
4800;425;0;0 
4900;388;0;0 
5000;363;0;0 
5100;381;0;0 
5200;309;0;0 
5300;277;0;0 
5400;297;0;0 
5500;290;0;0 
5600;299;0;0 
5700;302;0;0 
5800;279;0;0 
5900;304;0;0 
6000;330;0;0 
6100;356;0;0 
6200;344;0;0 
6300;351;0;0 
6400;372;0;0 
6500;415;0;0 
6600;404;0;0 
6700;446;0;0 
6800;534;0;0 
6900;601;0;0 
7000;694;0;0 
7100;817;0;0 
7200;789;0;0 
7300;532;0;0 
7400;294;0;0 
7500;215;0;0 
histogramOutOfScopeNumber=872185
histogramOutOfScopeRatio=0.9582681439031036
END: Histogram (#-out of scoope requests=872185, 0.9582681439031036%, buckets for [0ms, 1000ms])
