BEGIN: Histogram (response time <;#-Get;#-MultiGet;#-Set)
1600;19390;0;0 
1700;16695;0;0 
1800;14725;0;0 
1900;14983;0;0 
2000;19714;0;0 
2100;41297;0;0 
2200;42472;0;0 
2300;15955;0;0 
2400;8673;0;0 
2500;6720;0;0 
2600;6260;0;0 
2700;5893;0;0 
2800;5729;0;0 
2900;5178;0;0 
3000;5122;0;0 
3100;4730;0;0 
3200;4883;0;0 
3300;4888;0;0 
3400;4998;0;0 
3500;4997;0;0 
3600;5040;0;0 
3700;4363;0;0 
3800;3823;0;0 
3900;3634;0;0 
4000;3425;0;0 
4100;3421;0;0 
4200;3353;0;0 
4300;2912;0;0 
4400;2007;0;0 
4500;1817;0;0 
4600;1657;0;0 
4700;1563;0;0 
4800;1568;0;0 
4900;1484;0;0 
5000;1403;0;0 
5100;1296;0;0 
5200;1198;0;0 
5300;1099;0;0 
5400;982;0;0 
5500;984;0;0 
5600;948;0;0 
5700;918;0;0 
5800;812;0;0 
5900;910;0;0 
6000;835;0;0 
6100;809;0;0 
6200;800;0;0 
6300;762;0;0 
6400;822;0;0 
6500;686;0;0 
6600;694;0;0 
6700;656;0;0 
6800;818;0;0 
6900;915;0;0 
7000;1108;0;0 
7100;1370;0;0 
7200;1425;0;0 
7300;1439;0;0 
7400;1322;0;0 
7500;1283;0;0 
histogramOutOfScopeNumber=482715
histogramOutOfScopeRatio=0.6016054777174847
END: Histogram (#-out of scoope requests=482715, 0.6016054777174847%, buckets for [0ms, 1000ms])
