BEGIN: Histogram (response time <;#-Get;#-MultiGet;#-Set)
1600;6188;0;0 
1700;5804;0;0 
1800;5326;0;0 
1900;4953;0;0 
2000;4499;0;0 
2100;4295;0;0 
2200;3993;0;0 
2300;3858;0;0 
2400;3690;0;0 
2500;3440;0;0 
2600;3289;0;0 
2700;3238;0;0 
2800;3100;0;0 
2900;2858;0;0 
3000;2703;0;0 
3100;2565;0;0 
3200;2484;0;0 
3300;2485;0;0 
3400;2514;0;0 
3500;2406;0;0 
3600;2336;0;0 
3700;2229;0;0 
3800;2185;0;0 
3900;2132;0;0 
4000;2080;0;0 
4100;2084;0;0 
4200;1936;0;0 
4300;2040;0;0 
4400;1992;0;0 
4500;1945;0;0 
4600;1921;0;0 
4700;1787;0;0 
4800;1683;0;0 
4900;1579;0;0 
5000;1479;0;0 
5100;1508;0;0 
5200;1505;0;0 
5300;1485;0;0 
5400;1402;0;0 
5500;1392;0;0 
5600;1282;0;0 
5700;1315;0;0 
5800;1301;0;0 
5900;1199;0;0 
6000;1133;0;0 
6100;1205;0;0 
6200;1222;0;0 
6300;1307;0;0 
6400;1396;0;0 
6500;1438;0;0 
6600;1562;0;0 
6700;1642;0;0 
6800;1830;0;0 
6900;2001;0;0 
7000;2149;0;0 
7100;2103;0;0 
7200;2025;0;0 
7300;1673;0;0 
7400;1206;0;0 
7500;890;0;0 
histogramOutOfScopeNumber=947717
histogramOutOfScopeRatio=0.8710762290621921
END: Histogram (#-out of scoope requests=947717, 0.8710762290621921%, buckets for [0ms, 1000ms])
