BEGIN: Histogram (response time <;#-Get;#-MultiGet;#-Set)
1600;6007;0;0 
1700;5649;0;0 
1800;5141;0;0 
1900;4921;0;0 
2000;4659;0;0 
2100;4487;0;0 
2200;4090;0;0 
2300;4063;0;0 
2400;3571;0;0 
2500;3406;0;0 
2600;3331;0;0 
2700;3142;0;0 
2800;2996;0;0 
2900;2818;0;0 
3000;2731;0;0 
3100;2681;0;0 
3200;2580;0;0 
3300;2470;0;0 
3400;2431;0;0 
3500;2307;0;0 
3600;2103;0;0 
3700;2060;0;0 
3800;2047;0;0 
3900;2000;0;0 
4000;1894;0;0 
4100;1807;0;0 
4200;1847;0;0 
4300;1836;0;0 
4400;1676;0;0 
4500;1804;0;0 
4600;1786;0;0 
4700;1789;0;0 
4800;1675;0;0 
4900;1606;0;0 
5000;1584;0;0 
5100;1622;0;0 
5200;1611;0;0 
5300;1557;0;0 
5400;1532;0;0 
5500;1447;0;0 
5600;1409;0;0 
5700;1349;0;0 
5800;1287;0;0 
5900;1267;0;0 
6000;1295;0;0 
6100;1273;0;0 
6200;1191;0;0 
6300;1253;0;0 
6400;1345;0;0 
6500;1362;0;0 
6600;1502;0;0 
6700;1639;0;0 
6800;1801;0;0 
6900;1895;0;0 
7000;2040;0;0 
7100;2333;0;0 
7200;2406;0;0 
7300;2153;0;0 
7400;1666;0;0 
7500;1278;0;0 
histogramOutOfScopeNumber=1043551
histogramOutOfScopeRatio=0.8813336159769065
END: Histogram (#-out of scoope requests=1043551, 0.8813336159769065%, buckets for [0ms, 1000ms])
