BEGIN: Histogram (response time <;#-Get;#-MultiGet;#-Set)
1600;11578;0;0 
1700;10270;0;0 
1800;8916;0;0 
1900;8234;0;0 
2000;7643;0;0 
2100;7826;0;0 
2200;8286;0;0 
2300;6533;0;0 
2400;6009;0;0 
2500;5854;0;0 
2600;5455;0;0 
2700;5166;0;0 
2800;5080;0;0 
2900;4683;0;0 
3000;4540;0;0 
3100;4198;0;0 
3200;4208;0;0 
3300;3899;0;0 
3400;3827;0;0 
3500;3733;0;0 
3600;3774;0;0 
3700;3616;0;0 
3800;3345;0;0 
3900;3614;0;0 
4000;3582;0;0 
4100;3443;0;0 
4200;3278;0;0 
4300;3073;0;0 
4400;2849;0;0 
4500;2688;0;0 
4600;2480;0;0 
4700;2442;0;0 
4800;2372;0;0 
4900;2183;0;0 
5000;2006;0;0 
5100;2098;0;0 
5200;2085;0;0 
5300;1679;0;0 
5400;1602;0;0 
5500;1545;0;0 
5600;1371;0;0 
5700;1238;0;0 
5800;1284;0;0 
5900;1074;0;0 
6000;1046;0;0 
6100;907;0;0 
6200;864;0;0 
6300;837;0;0 
6400;775;0;0 
6500;755;0;0 
6600;784;0;0 
6700;716;0;0 
6800;832;0;0 
6900;871;0;0 
7000;1144;0;0 
7100;1658;0;0 
7200;2113;0;0 
7300;2018;0;0 
7400;1866;0;0 
7500;1559;0;0 
histogramOutOfScopeNumber=1328478
histogramOutOfScopeRatio=0.8672195377972977
END: Histogram (#-out of scoope requests=1328478, 0.8672195377972977%, buckets for [0ms, 1000ms])
