BEGIN: Histogram (response time <;#-Get;#-MultiGet;#-Set)
1600;1400;0;0 
1700;1327;0;0 
1800;1188;0;0 
1900;1227;0;0 
2000;1071;0;0 
2100;1099;0;0 
2200;1051;0;0 
2300;1022;0;0 
2400;1135;0;0 
2500;1099;0;0 
2600;1103;0;0 
2700;1073;0;0 
2800;1094;0;0 
2900;1161;0;0 
3000;1249;0;0 
3100;1286;0;0 
3200;1296;0;0 
3300;1393;0;0 
3400;1372;0;0 
3500;1449;0;0 
3600;1500;0;0 
3700;1512;0;0 
3800;1558;0;0 
3900;1366;0;0 
4000;1380;0;0 
4100;1357;0;0 
4200;1303;0;0 
4300;1250;0;0 
4400;1183;0;0 
4500;1210;0;0 
4600;1146;0;0 
4700;1051;0;0 
4800;1004;0;0 
4900;974;0;0 
5000;840;0;0 
5100;829;0;0 
5200;780;0;0 
5300;563;0;0 
5400;457;0;0 
5500;374;0;0 
5600;304;0;0 
5700;218;0;0 
5800;205;0;0 
5900;219;0;0 
6000;197;0;0 
6100;126;0;0 
6200;170;0;0 
6300;167;0;0 
6400;168;0;0 
6500;187;0;0 
6600;186;0;0 
6700;174;0;0 
6800;213;0;0 
6900;223;0;0 
7000;415;0;0 
7100;562;0;0 
7200;615;0;0 
7300;542;0;0 
7400;416;0;0 
7500;253;0;0 
histogramOutOfScopeNumber=562266
histogramOutOfScopeRatio=0.9164023613089554
END: Histogram (#-out of scoope requests=562266, 0.9164023613089554%, buckets for [0ms, 1000ms])
