BEGIN: Histogram (response time <;#-Get;#-MultiGet;#-Set)
1600;6165;0;0 
1700;5738;0;0 
1800;5198;0;0 
1900;4890;0;0 
2000;4491;0;0 
2100;4261;0;0 
2200;4032;0;0 
2300;3855;0;0 
2400;3594;0;0 
2500;3499;0;0 
2600;3450;0;0 
2700;3200;0;0 
2800;3027;0;0 
2900;2903;0;0 
3000;2745;0;0 
3100;2604;0;0 
3200;2452;0;0 
3300;2318;0;0 
3400;2268;0;0 
3500;2244;0;0 
3600;2118;0;0 
3700;2133;0;0 
3800;1879;0;0 
3900;1957;0;0 
4000;1862;0;0 
4100;1901;0;0 
4200;1873;0;0 
4300;1800;0;0 
4400;1801;0;0 
4500;1799;0;0 
4600;1808;0;0 
4700;1673;0;0 
4800;1665;0;0 
4900;1656;0;0 
5000;1613;0;0 
5100;1583;0;0 
5200;1531;0;0 
5300;1541;0;0 
5400;1360;0;0 
5500;1373;0;0 
5600;1303;0;0 
5700;1318;0;0 
5800;1269;0;0 
5900;1300;0;0 
6000;1240;0;0 
6100;1239;0;0 
6200;1391;0;0 
6300;1308;0;0 
6400;1418;0;0 
6500;1585;0;0 
6600;1792;0;0 
6700;1816;0;0 
6800;1895;0;0 
6900;2063;0;0 
7000;2317;0;0 
7100;2351;0;0 
7200;2223;0;0 
7300;1869;0;0 
7400;1361;0;0 
7500;998;0;0 
histogramOutOfScopeNumber=974776
histogramOutOfScopeRatio=0.8744801254516943
END: Histogram (#-out of scoope requests=974776, 0.8744801254516943%, buckets for [0ms, 1000ms])
