BEGIN: Histogram (response time <;#-Get;#-MultiGet;#-Set)
1600;1505;0;0 
1700;1309;0;0 
1800;1239;0;0 
1900;1125;0;0 
2000;1065;0;0 
2100;1079;0;0 
2200;988;0;0 
2300;909;0;0 
2400;802;0;0 
2500;763;0;0 
2600;746;0;0 
2700;653;0;0 
2800;644;0;0 
2900;660;0;0 
3000;589;0;0 
3100;610;0;0 
3200;599;0;0 
3300;598;0;0 
3400;514;0;0 
3500;531;0;0 
3600;521;0;0 
3700;570;0;0 
3800;525;0;0 
3900;513;0;0 
4000;585;0;0 
4100;649;0;0 
4200;638;0;0 
4300;618;0;0 
4400;638;0;0 
4500;676;0;0 
4600;621;0;0 
4700;547;0;0 
4800;482;0;0 
4900;464;0;0 
5000;451;0;0 
5100;443;0;0 
5200;405;0;0 
5300;429;0;0 
5400;490;0;0 
5500;436;0;0 
5600;452;0;0 
5700;500;0;0 
5800;514;0;0 
5900;561;0;0 
6000;533;0;0 
6100;538;0;0 
6200;593;0;0 
6300;552;0;0 
6400;624;0;0 
6500;643;0;0 
6600;697;0;0 
6700;730;0;0 
6800;801;0;0 
6900;917;0;0 
7000;998;0;0 
7100;1087;0;0 
7200;1000;0;0 
7300;670;0;0 
7400;364;0;0 
7500;228;0;0 
histogramOutOfScopeNumber=793596
histogramOutOfScopeRatio=0.951295031208532
END: Histogram (#-out of scoope requests=793596, 0.951295031208532%, buckets for [0ms, 1000ms])
