BEGIN: Histogram (response time <;#-Get;#-MultiGet;#-Set)
1600;1678;0;0 
1700;1458;0;0 
1800;1391;0;0 
1900;1331;0;0 
2000;1190;0;0 
2100;1133;0;0 
2200;1025;0;0 
2300;992;0;0 
2400;937;0;0 
2500;833;0;0 
2600;816;0;0 
2700;784;0;0 
2800;797;0;0 
2900;721;0;0 
3000;623;0;0 
3100;642;0;0 
3200;648;0;0 
3300;623;0;0 
3400;603;0;0 
3500;578;0;0 
3600;637;0;0 
3700;607;0;0 
3800;629;0;0 
3900;618;0;0 
4000;609;0;0 
4100;656;0;0 
4200;659;0;0 
4300;746;0;0 
4400;712;0;0 
4500;711;0;0 
4600;724;0;0 
4700;522;0;0 
4800;480;0;0 
4900;399;0;0 
5000;420;0;0 
5100;394;0;0 
5200;363;0;0 
5300;333;0;0 
5400;361;0;0 
5500;376;0;0 
5600;348;0;0 
5700;454;0;0 
5800;393;0;0 
5900;439;0;0 
6000;440;0;0 
6100;422;0;0 
6200;424;0;0 
6300;467;0;0 
6400;452;0;0 
6500;490;0;0 
6600;540;0;0 
6700;500;0;0 
6800;588;0;0 
6900;614;0;0 
7000;748;0;0 
7100;824;0;0 
7200;733;0;0 
7300;498;0;0 
7400;284;0;0 
7500;197;0;0 
histogramOutOfScopeNumber=850443
histogramOutOfScopeRatio=0.955492738105537
END: Histogram (#-out of scoope requests=850443, 0.955492738105537%, buckets for [0ms, 1000ms])
