BEGIN: Histogram (response time <;#-Get;#-MultiGet;#-Set)
1600;17030;0;0 
1700;15352;0;0 
1800;13414;0;0 
1900;13520;0;0 
2000;16917;0;0 
2100;33959;0;0 
2200;34520;0;0 
2300;13689;0;0 
2400;7722;0;0 
2500;6390;0;0 
2600;5972;0;0 
2700;5633;0;0 
2800;5213;0;0 
2900;5124;0;0 
3000;5257;0;0 
3100;5164;0;0 
3200;5069;0;0 
3300;5028;0;0 
3400;4809;0;0 
3500;4951;0;0 
3600;5119;0;0 
3700;4743;0;0 
3800;4448;0;0 
3900;3938;0;0 
4000;3828;0;0 
4100;3816;0;0 
4200;3554;0;0 
4300;3204;0;0 
4400;2521;0;0 
4500;2307;0;0 
4600;2352;0;0 
4700;2115;0;0 
4800;2052;0;0 
4900;2071;0;0 
5000;1880;0;0 
5100;1620;0;0 
5200;1582;0;0 
5300;1580;0;0 
5400;1461;0;0 
5500;1415;0;0 
5600;1354;0;0 
5700;1264;0;0 
5800;1233;0;0 
5900;1209;0;0 
6000;1137;0;0 
6100;1089;0;0 
6200;991;0;0 
6300;919;0;0 
6400;866;0;0 
6500;866;0;0 
6600;838;0;0 
6700;824;0;0 
6800;853;0;0 
6900;973;0;0 
7000;1128;0;0 
7100;1342;0;0 
7200;1542;0;0 
7300;1383;0;0 
7400;1367;0;0 
7500;1365;0;0 
histogramOutOfScopeNumber=492201
histogramOutOfScopeRatio=0.619056123700293
END: Histogram (#-out of scoope requests=492201, 0.619056123700293%, buckets for [0ms, 1000ms])
