BEGIN: Histogram (response time <;#-Get;#-MultiGet;#-Set)
1600;19023;0;0 
1700;16592;0;0 
1800;14865;0;0 
1900;15016;0;0 
2000;22045;0;0 
2100;52079;0;0 
2200;54972;0;0 
2300;18732;0;0 
2400;9276;0;0 
2500;7026;0;0 
2600;6025;0;0 
2700;5303;0;0 
2800;5003;0;0 
2900;4793;0;0 
3000;4709;0;0 
3100;4826;0;0 
3200;5149;0;0 
3300;5072;0;0 
3400;5069;0;0 
3500;5298;0;0 
3600;5259;0;0 
3700;4613;0;0 
3800;3745;0;0 
3900;3270;0;0 
4000;3096;0;0 
4100;3005;0;0 
4200;3416;0;0 
4300;3007;0;0 
4400;1812;0;0 
4500;1421;0;0 
4600;1313;0;0 
4700;1080;0;0 
4800;1027;0;0 
4900;1024;0;0 
5000;968;0;0 
5100;920;0;0 
5200;864;0;0 
5300;834;0;0 
5400;783;0;0 
5500;714;0;0 
5600;679;0;0 
5700;713;0;0 
5800;670;0;0 
5900;712;0;0 
6000;710;0;0 
6100;704;0;0 
6200;681;0;0 
6300;674;0;0 
6400;658;0;0 
6500;560;0;0 
6600;599;0;0 
6700;604;0;0 
6800;611;0;0 
6900;734;0;0 
7000;990;0;0 
7100;1175;0;0 
7200;1338;0;0 
7300;1269;0;0 
7400;1252;0;0 
7500;1114;0;0 
histogramOutOfScopeNumber=463897
histogramOutOfScopeRatio=0.5774258515188178
END: Histogram (#-out of scoope requests=463897, 0.5774258515188178%, buckets for [0ms, 1000ms])
