BEGIN: Histogram (response time <;#-Get;#-MultiGet;#-Set)
1600;19956;0;0 
1700;17288;0;0 
1800;15106;0;0 
1900;14409;0;0 
2000;18319;0;0 
2100;55273;0;0 
2200;61463;0;0 
2300;14871;0;0 
2400;8205;0;0 
2500;6498;0;0 
2600;5670;0;0 
2700;5199;0;0 
2800;4944;0;0 
2900;4811;0;0 
3000;4286;0;0 
3100;4406;0;0 
3200;4467;0;0 
3300;4441;0;0 
3400;4503;0;0 
3500;4877;0;0 
3600;5055;0;0 
3700;4370;0;0 
3800;3464;0;0 
3900;2902;0;0 
4000;2663;0;0 
4100;2745;0;0 
4200;3950;0;0 
4300;3677;0;0 
4400;1735;0;0 
4500;1485;0;0 
4600;1418;0;0 
4700;1334;0;0 
4800;1298;0;0 
4900;1054;0;0 
5000;886;0;0 
5100;1061;0;0 
5200;1053;0;0 
5300;944;0;0 
5400;840;0;0 
5500;782;0;0 
5600;720;0;0 
5700;636;0;0 
5800;605;0;0 
5900;605;0;0 
6000;673;0;0 
6100;661;0;0 
6200;731;0;0 
6300;758;0;0 
6400;758;0;0 
6500;675;0;0 
6600;746;0;0 
6700;694;0;0 
6800;698;0;0 
6900;773;0;0 
7000;983;0;0 
7100;1262;0;0 
7200;1489;0;0 
7300;1480;0;0 
7400;1388;0;0 
7500;1294;0;0 
histogramOutOfScopeNumber=474689
histogramOutOfScopeRatio=0.5831373936459032
END: Histogram (#-out of scoope requests=474689, 0.5831373936459032%, buckets for [0ms, 1000ms])
