BEGIN: Histogram (response time <;#-Get;#-MultiGet;#-Set)
1600;8098;0;0 
1700;7335;0;0 
1800;6564;0;0 
1900;5836;0;0 
2000;5546;0;0 
2100;5708;0;0 
2200;6112;0;0 
2300;5018;0;0 
2400;4705;0;0 
2500;4534;0;0 
2600;4356;0;0 
2700;4132;0;0 
2800;3864;0;0 
2900;3993;0;0 
3000;3808;0;0 
3100;3832;0;0 
3200;3430;0;0 
3300;3403;0;0 
3400;3251;0;0 
3500;3070;0;0 
3600;3096;0;0 
3700;3019;0;0 
3800;3212;0;0 
3900;3162;0;0 
4000;2959;0;0 
4100;2961;0;0 
4200;3026;0;0 
4300;2890;0;0 
4400;2915;0;0 
4500;3054;0;0 
4600;2908;0;0 
4700;2884;0;0 
4800;3131;0;0 
4900;3193;0;0 
5000;3343;0;0 
5100;3267;0;0 
5200;3443;0;0 
5300;3678;0;0 
5400;3913;0;0 
5500;4136;0;0 
5600;4051;0;0 
5700;3864;0;0 
5800;3502;0;0 
5900;3440;0;0 
6000;3060;0;0 
6100;2416;0;0 
6200;2060;0;0 
6300;1614;0;0 
6400;1339;0;0 
6500;1267;0;0 
6600;1130;0;0 
6700;1015;0;0 
6800;915;0;0 
6900;932;0;0 
7000;1237;0;0 
7100;1690;0;0 
7200;1797;0;0 
7300;1773;0;0 
7400;1635;0;0 
7500;1358;0;0 
histogramOutOfScopeNumber=1308701
histogramOutOfScopeRatio=0.86692996268501
END: Histogram (#-out of scoope requests=1308701, 0.86692996268501%, buckets for [0ms, 1000ms])
