BEGIN: Histogram (response time <;#-Get;#-MultiGet;#-Set)
1600;8756;0;0 
1700;8188;0;0 
1800;7830;0;0 
1900;7520;0;0 
2000;7102;0;0 
2100;6791;0;0 
2200;6696;0;0 
2300;6110;0;0 
2400;6053;0;0 
2500;5656;0;0 
2600;5616;0;0 
2700;5409;0;0 
2800;5211;0;0 
2900;5018;0;0 
3000;4802;0;0 
3100;4600;0;0 
3200;4535;0;0 
3300;4429;0;0 
3400;4238;0;0 
3500;4166;0;0 
3600;4038;0;0 
3700;3763;0;0 
3800;3675;0;0 
3900;3636;0;0 
4000;3537;0;0 
4100;3576;0;0 
4200;3505;0;0 
4300;3545;0;0 
4400;3478;0;0 
4500;3302;0;0 
4600;3380;0;0 
4700;3294;0;0 
4800;3124;0;0 
4900;3109;0;0 
5000;2894;0;0 
5100;2952;0;0 
5200;2900;0;0 
5300;2798;0;0 
5400;2692;0;0 
5500;2596;0;0 
5600;2523;0;0 
5700;2560;0;0 
5800;2454;0;0 
5900;2310;0;0 
6000;2351;0;0 
6100;2277;0;0 
6200;2238;0;0 
6300;2327;0;0 
6400;2430;0;0 
6500;2325;0;0 
6600;2356;0;0 
6700;2346;0;0 
6800;2405;0;0 
6900;2534;0;0 
7000;2572;0;0 
7100;2742;0;0 
7200;2777;0;0 
7300;2355;0;0 
7400;1748;0;0 
7500;1336;0;0 
histogramOutOfScopeNumber=1416745
histogramOutOfScopeRatio=0.8595548803535427
END: Histogram (#-out of scoope requests=1416745, 0.8595548803535427%, buckets for [0ms, 1000ms])
