BEGIN: Histogram (response time <;#-Get;#-MultiGet;#-Set)
1600;8851;0;0 
1700;8421;0;0 
1800;8094;0;0 
1900;7715;0;0 
2000;7334;0;0 
2100;7266;0;0 
2200;7090;0;0 
2300;6860;0;0 
2400;6397;0;0 
2500;6138;0;0 
2600;6131;0;0 
2700;5794;0;0 
2800;5569;0;0 
2900;5530;0;0 
3000;5187;0;0 
3100;5119;0;0 
3200;5098;0;0 
3300;4774;0;0 
3400;4650;0;0 
3500;4379;0;0 
3600;4361;0;0 
3700;4396;0;0 
3800;4175;0;0 
3900;4064;0;0 
4000;3955;0;0 
4100;3879;0;0 
4200;3877;0;0 
4300;3761;0;0 
4400;3621;0;0 
4500;3610;0;0 
4600;3567;0;0 
4700;3521;0;0 
4800;3402;0;0 
4900;3260;0;0 
5000;3102;0;0 
5100;2948;0;0 
5200;2946;0;0 
5300;2887;0;0 
5400;2738;0;0 
5500;2530;0;0 
5600;2611;0;0 
5700;2434;0;0 
5800;2384;0;0 
5900;2313;0;0 
6000;2289;0;0 
6100;2240;0;0 
6200;2245;0;0 
6300;2212;0;0 
6400;2205;0;0 
6500;2334;0;0 
6600;2277;0;0 
6700;2352;0;0 
6800;2357;0;0 
6900;2360;0;0 
7000;2404;0;0 
7100;2608;0;0 
7200;2453;0;0 
7300;2067;0;0 
7400;1635;0;0 
7500;1259;0;0 
histogramOutOfScopeNumber=1384054
histogramOutOfScopeRatio=0.8511546101384302
END: Histogram (#-out of scoope requests=1384054, 0.8511546101384302%, buckets for [0ms, 1000ms])
