BEGIN: Histogram (response time <;#-Get;#-MultiGet;#-Set)
1600;1698;0;0 
1700;1494;0;0 
1800;1521;0;0 
1900;1436;0;0 
2000;1467;0;0 
2100;1453;0;0 
2200;1522;0;0 
2300;1399;0;0 
2400;1432;0;0 
2500;1369;0;0 
2600;1408;0;0 
2700;1523;0;0 
2800;1486;0;0 
2900;1435;0;0 
3000;1544;0;0 
3100;1520;0;0 
3200;1544;0;0 
3300;1637;0;0 
3400;1738;0;0 
3500;1700;0;0 
3600;1557;0;0 
3700;1702;0;0 
3800;1554;0;0 
3900;1531;0;0 
4000;1606;0;0 
4100;1550;0;0 
4200;1379;0;0 
4300;1353;0;0 
4400;1286;0;0 
4500;1159;0;0 
4600;899;0;0 
4700;849;0;0 
4800;708;0;0 
4900;636;0;0 
5000;491;0;0 
5100;451;0;0 
5200;451;0;0 
5300;351;0;0 
5400;341;0;0 
5500;275;0;0 
5600;235;0;0 
5700;188;0;0 
5800;167;0;0 
5900;163;0;0 
6000;166;0;0 
6100;149;0;0 
6200;161;0;0 
6300;163;0;0 
6400;146;0;0 
6500;135;0;0 
6600;165;0;0 
6700;131;0;0 
6800;200;0;0 
6900;241;0;0 
7000;335;0;0 
7100;378;0;0 
7200;391;0;0 
7300;309;0;0 
7400;271;0;0 
7500;207;0;0 
histogramOutOfScopeNumber=524779
histogramOutOfScopeRatio=0.9055173544307074
END: Histogram (#-out of scoope requests=524779, 0.9055173544307074%, buckets for [0ms, 1000ms])
