BEGIN: Histogram (response time <;#-Get;#-MultiGet;#-Set)
1600;1679;0;0 
1700;1494;0;0 
1800;1459;0;0 
1900;1460;0;0 
2000;1238;0;0 
2100;1283;0;0 
2200;1260;0;0 
2300;1215;0;0 
2400;1313;0;0 
2500;1281;0;0 
2600;1489;0;0 
2700;1527;0;0 
2800;1617;0;0 
2900;1587;0;0 
3000;1500;0;0 
3100;1687;0;0 
3200;1758;0;0 
3300;1734;0;0 
3400;1786;0;0 
3500;1816;0;0 
3600;1688;0;0 
3700;1705;0;0 
3800;1734;0;0 
3900;1807;0;0 
4000;1744;0;0 
4100;1598;0;0 
4200;1487;0;0 
4300;1364;0;0 
4400;1170;0;0 
4500;1108;0;0 
4600;1052;0;0 
4700;836;0;0 
4800;720;0;0 
4900;614;0;0 
5000;514;0;0 
5100;452;0;0 
5200;429;0;0 
5300;401;0;0 
5400;335;0;0 
5500;303;0;0 
5600;265;0;0 
5700;249;0;0 
5800;197;0;0 
5900;179;0;0 
6000;166;0;0 
6100;155;0;0 
6200;146;0;0 
6300;163;0;0 
6400;150;0;0 
6500;132;0;0 
6600;114;0;0 
6700;125;0;0 
6800;155;0;0 
6900;160;0;0 
7000;214;0;0 
7100;230;0;0 
7200;221;0;0 
7300;188;0;0 
7400;142;0;0 
7500;128;0;0 
histogramOutOfScopeNumber=544938
histogramOutOfScopeRatio=0.9087434400436246
END: Histogram (#-out of scoope requests=544938, 0.9087434400436246%, buckets for [0ms, 1000ms])
