BEGIN: Histogram (response time <;#-Get;#-MultiGet;#-Set)
1600;2117;0;0 
1700;1937;0;0 
1800;1904;0;0 
1900;1845;0;0 
2000;1727;0;0 
2100;1748;0;0 
2200;1694;0;0 
2300;1664;0;0 
2400;1669;0;0 
2500;1575;0;0 
2600;1669;0;0 
2700;1597;0;0 
2800;1515;0;0 
2900;1469;0;0 
3000;1490;0;0 
3100;1417;0;0 
3200;1405;0;0 
3300;1275;0;0 
3400;1223;0;0 
3500;1009;0;0 
3600;980;0;0 
3700;843;0;0 
3800;768;0;0 
3900;648;0;0 
4000;570;0;0 
4100;401;0;0 
4200;383;0;0 
4300;363;0;0 
4400;331;0;0 
4500;292;0;0 
4600;299;0;0 
4700;285;0;0 
4800;268;0;0 
4900;285;0;0 
5000;240;0;0 
5100;323;0;0 
5200;271;0;0 
5300;252;0;0 
5400;221;0;0 
5500;212;0;0 
5600;227;0;0 
5700;155;0;0 
5800;119;0;0 
5900;119;0;0 
6000;132;0;0 
6100;142;0;0 
6200;120;0;0 
6300;120;0;0 
6400;115;0;0 
6500;174;0;0 
6600;183;0;0 
6700;204;0;0 
6800;174;0;0 
6900;309;0;0 
7000;677;0;0 
7100;1065;0;0 
7200;1071;0;0 
7300;843;0;0 
7400;532;0;0 
7500;294;0;0 
histogramOutOfScopeNumber=764598
histogramOutOfScopeRatio=0.9421371511797693
END: Histogram (#-out of scoope requests=764598, 0.9421371511797693%, buckets for [0ms, 1000ms])
