BEGIN: Histogram (response time <;#-Get;#-MultiGet;#-Set)
1600;8940;0;0 
1700;8592;0;0 
1800;8240;0;0 
1900;7949;0;0 
2000;7582;0;0 
2100;7199;0;0 
2200;7129;0;0 
2300;6940;0;0 
2400;6607;0;0 
2500;6513;0;0 
2600;6132;0;0 
2700;5987;0;0 
2800;5786;0;0 
2900;5833;0;0 
3000;5404;0;0 
3100;5360;0;0 
3200;5260;0;0 
3300;5059;0;0 
3400;4843;0;0 
3500;4952;0;0 
3600;4693;0;0 
3700;4550;0;0 
3800;4478;0;0 
3900;4380;0;0 
4000;4328;0;0 
4100;4163;0;0 
4200;4134;0;0 
4300;4030;0;0 
4400;3918;0;0 
4500;3936;0;0 
4600;3698;0;0 
4700;3628;0;0 
4800;3536;0;0 
4900;3331;0;0 
5000;3145;0;0 
5100;3135;0;0 
5200;3003;0;0 
5300;2809;0;0 
5400;2633;0;0 
5500;2625;0;0 
5600;2511;0;0 
5700;2378;0;0 
5800;2316;0;0 
5900;2191;0;0 
6000;2199;0;0 
6100;2293;0;0 
6200;2268;0;0 
6300;2061;0;0 
6400;2181;0;0 
6500;2202;0;0 
6600;2124;0;0 
6700;2210;0;0 
6800;2230;0;0 
6900;2432;0;0 
7000;2394;0;0 
7100;2596;0;0 
7200;2512;0;0 
7300;2168;0;0 
7400;1525;0;0 
7500;1254;0;0 
histogramOutOfScopeNumber=1351601
histogramOutOfScopeRatio=0.8446946639785115
END: Histogram (#-out of scoope requests=1351601, 0.8446946639785115%, buckets for [0ms, 1000ms])
