BEGIN: Histogram (response time <;#-Get;#-MultiGet;#-Set)
1600;1482;0;0 
1700;1449;0;0 
1800;1303;0;0 
1900;1286;0;0 
2000;1083;0;0 
2100;1156;0;0 
2200;1202;0;0 
2300;1290;0;0 
2400;1237;0;0 
2500;1369;0;0 
2600;1310;0;0 
2700;1428;0;0 
2800;1440;0;0 
2900;1457;0;0 
3000;1494;0;0 
3100;1498;0;0 
3200;1521;0;0 
3300;1621;0;0 
3400;1586;0;0 
3500;1516;0;0 
3600;1583;0;0 
3700;1551;0;0 
3800;1492;0;0 
3900;1478;0;0 
4000;1463;0;0 
4100;1406;0;0 
4200;1256;0;0 
4300;1262;0;0 
4400;1316;0;0 
4500;1252;0;0 
4600;1108;0;0 
4700;1139;0;0 
4800;990;0;0 
4900;944;0;0 
5000;823;0;0 
5100;801;0;0 
5200;676;0;0 
5300;639;0;0 
5400;482;0;0 
5500;422;0;0 
5600;377;0;0 
5700;300;0;0 
5800;273;0;0 
5900;242;0;0 
6000;227;0;0 
6100;176;0;0 
6200;189;0;0 
6300;200;0;0 
6400;189;0;0 
6500;188;0;0 
6600;191;0;0 
6700;210;0;0 
6800;263;0;0 
6900;383;0;0 
7000;544;0;0 
7100;600;0;0 
7200;627;0;0 
7300;550;0;0 
7400;351;0;0 
7500;283;0;0 
histogramOutOfScopeNumber=513050
histogramOutOfScopeRatio=0.901314772391888
END: Histogram (#-out of scoope requests=513050, 0.901314772391888%, buckets for [0ms, 1000ms])
