BEGIN: Histogram (response time <;#-Get;#-MultiGet;#-Set)
1600;1547;0;0 
1700;1246;0;0 
1800;1275;0;0 
1900;1240;0;0 
2000;1211;0;0 
2100;1291;0;0 
2200;1139;0;0 
2300;1147;0;0 
2400;1140;0;0 
2500;1240;0;0 
2600;1198;0;0 
2700;1223;0;0 
2800;1236;0;0 
2900;1276;0;0 
3000;1268;0;0 
3100;1355;0;0 
3200;1425;0;0 
3300;1542;0;0 
3400;1522;0;0 
3500;1474;0;0 
3600;1588;0;0 
3700;1661;0;0 
3800;1638;0;0 
3900;1679;0;0 
4000;1654;0;0 
4100;1465;0;0 
4200;1423;0;0 
4300;1386;0;0 
4400;1177;0;0 
4500;1110;0;0 
4600;960;0;0 
4700;821;0;0 
4800;685;0;0 
4900;591;0;0 
5000;490;0;0 
5100;411;0;0 
5200;388;0;0 
5300;337;0;0 
5400;266;0;0 
5500;258;0;0 
5600;242;0;0 
5700;218;0;0 
5800;187;0;0 
5900;186;0;0 
6000;169;0;0 
6100;140;0;0 
6200;135;0;0 
6300;148;0;0 
6400;168;0;0 
6500;134;0;0 
6600;140;0;0 
6700;142;0;0 
6800;158;0;0 
6900;199;0;0 
7000;281;0;0 
7100;417;0;0 
7200;467;0;0 
7300;378;0;0 
7400;286;0;0 
7500;189;0;0 
histogramOutOfScopeNumber=565786
histogramOutOfScopeRatio=0.9182556929853462
END: Histogram (#-out of scoope requests=565786, 0.9182556929853462%, buckets for [0ms, 1000ms])
