BEGIN: Histogram (response time <;#-Get;#-MultiGet;#-Set)
1600;1996;0;0 
1700;1911;0;0 
1800;1682;0;0 
1900;1536;0;0 
2000;1420;0;0 
2100;1303;0;0 
2200;1225;0;0 
2300;1177;0;0 
2400;1114;0;0 
2500;1046;0;0 
2600;900;0;0 
2700;867;0;0 
2800;805;0;0 
2900;740;0;0 
3000;670;0;0 
3100;596;0;0 
3200;615;0;0 
3300;571;0;0 
3400;523;0;0 
3500;537;0;0 
3600;491;0;0 
3700;475;0;0 
3800;504;0;0 
3900;470;0;0 
4000;500;0;0 
4100;518;0;0 
4200;499;0;0 
4300;514;0;0 
4400;517;0;0 
4500;488;0;0 
4600;461;0;0 
4700;438;0;0 
4800;408;0;0 
4900;332;0;0 
5000;314;0;0 
5100;356;0;0 
5200;302;0;0 
5300;268;0;0 
5400;270;0;0 
5500;280;0;0 
5600;285;0;0 
5700;306;0;0 
5800;269;0;0 
5900;292;0;0 
6000;323;0;0 
6100;372;0;0 
6200;329;0;0 
6300;353;0;0 
6400;454;0;0 
6500;483;0;0 
6600;539;0;0 
6700;581;0;0 
6800;601;0;0 
6900;722;0;0 
7000;900;0;0 
7100;1176;0;0 
7200;1189;0;0 
7300;803;0;0 
7400;421;0;0 
7500;287;0;0 
histogramOutOfScopeNumber=674874
histogramOutOfScopeRatio=0.943618410566025
END: Histogram (#-out of scoope requests=674874, 0.943618410566025%, buckets for [0ms, 1000ms])
