BEGIN: Histogram (response time <;#-Get;#-MultiGet;#-Set)
1600;2032;0;0 
1700;1923;0;0 
1800;1780;0;0 
1900;1562;0;0 
2000;1490;0;0 
2100;1413;0;0 
2200;1229;0;0 
2300;1156;0;0 
2400;1105;0;0 
2500;1046;0;0 
2600;1008;0;0 
2700;867;0;0 
2800;832;0;0 
2900;793;0;0 
3000;702;0;0 
3100;692;0;0 
3200;604;0;0 
3300;579;0;0 
3400;597;0;0 
3500;559;0;0 
3600;527;0;0 
3700;530;0;0 
3800;524;0;0 
3900;485;0;0 
4000;532;0;0 
4100;530;0;0 
4200;536;0;0 
4300;576;0;0 
4400;562;0;0 
4500;534;0;0 
4600;560;0;0 
4700;522;0;0 
4800;457;0;0 
4900;440;0;0 
5000;401;0;0 
5100;407;0;0 
5200;417;0;0 
5300;414;0;0 
5400;420;0;0 
5500;422;0;0 
5600;446;0;0 
5700;443;0;0 
5800;450;0;0 
5900;429;0;0 
6000;469;0;0 
6100;473;0;0 
6200;473;0;0 
6300;523;0;0 
6400;529;0;0 
6500;591;0;0 
6600;600;0;0 
6700;688;0;0 
6800;736;0;0 
6900;852;0;0 
7000;944;0;0 
7100;955;0;0 
7200;840;0;0 
7300;584;0;0 
7400;383;0;0 
7500;236;0;0 
histogramOutOfScopeNumber=658841
histogramOutOfScopeRatio=0.938185831256675
END: Histogram (#-out of scoope requests=658841, 0.938185831256675%, buckets for [0ms, 1000ms])
