BEGIN: Histogram (response time <;#-Get;#-MultiGet;#-Set)
1600;5770;0;0 
1700;5505;0;0 
1800;5093;0;0 
1900;4719;0;0 
2000;4392;0;0 
2100;4292;0;0 
2200;3851;0;0 
2300;3685;0;0 
2400;3489;0;0 
2500;3415;0;0 
2600;3182;0;0 
2700;2979;0;0 
2800;2835;0;0 
2900;2742;0;0 
3000;2729;0;0 
3100;2569;0;0 
3200;2550;0;0 
3300;2431;0;0 
3400;2339;0;0 
3500;2338;0;0 
3600;2230;0;0 
3700;2162;0;0 
3800;2064;0;0 
3900;2014;0;0 
4000;1986;0;0 
4100;2024;0;0 
4200;2021;0;0 
4300;1993;0;0 
4400;1958;0;0 
4500;1899;0;0 
4600;1914;0;0 
4700;1837;0;0 
4800;1783;0;0 
4900;1658;0;0 
5000;1632;0;0 
5100;1579;0;0 
5200;1510;0;0 
5300;1534;0;0 
5400;1433;0;0 
5500;1324;0;0 
5600;1339;0;0 
5700;1287;0;0 
5800;1272;0;0 
5900;1341;0;0 
6000;1244;0;0 
6100;1227;0;0 
6200;1351;0;0 
6300;1320;0;0 
6400;1426;0;0 
6500;1465;0;0 
6600;1632;0;0 
6700;1661;0;0 
6800;1845;0;0 
6900;1972;0;0 
7000;2084;0;0 
7100;2424;0;0 
7200;2488;0;0 
7300;2090;0;0 
7400;1592;0;0 
7500;1212;0;0 
histogramOutOfScopeNumber=1052720
histogramOutOfScopeRatio=0.882819601963014
END: Histogram (#-out of scoope requests=1052720, 0.882819601963014%, buckets for [0ms, 1000ms])
