BEGIN: Histogram (response time <;#-Get;#-MultiGet;#-Set)
1600;1676;0;0 
1700;1608;0;0 
1800;1560;0;0 
1900;1603;0;0 
2000;1561;0;0 
2100;1505;0;0 
2200;1670;0;0 
2300;1622;0;0 
2400;1657;0;0 
2500;1538;0;0 
2600;1562;0;0 
2700;1692;0;0 
2800;1732;0;0 
2900;1606;0;0 
3000;1742;0;0 
3100;1650;0;0 
3200;1640;0;0 
3300;1604;0;0 
3400;1590;0;0 
3500;1461;0;0 
3600;1342;0;0 
3700;1370;0;0 
3800;1095;0;0 
3900;985;0;0 
4000;832;0;0 
4100;684;0;0 
4200;557;0;0 
4300;437;0;0 
4400;395;0;0 
4500;373;0;0 
4600;291;0;0 
4700;199;0;0 
4800;244;0;0 
4900;203;0;0 
5000;190;0;0 
5100;179;0;0 
5200;180;0;0 
5300;128;0;0 
5400;112;0;0 
5500;96;0;0 
5600;104;0;0 
5700;93;0;0 
5800;118;0;0 
5900;105;0;0 
6000;88;0;0 
6100;131;0;0 
6200;97;0;0 
6300;118;0;0 
6400;110;0;0 
6500;180;0;0 
6600;186;0;0 
6700;188;0;0 
6800;231;0;0 
6900;274;0;0 
7000;598;0;0 
7100;1004;0;0 
7200;1016;0;0 
7300;743;0;0 
7400;412;0;0 
7500;251;0;0 
histogramOutOfScopeNumber=789104
histogramOutOfScopeRatio=0.9424140294892527
END: Histogram (#-out of scoope requests=789104, 0.9424140294892527%, buckets for [0ms, 1000ms])
