BEGIN: Histogram (response time <;#-Get;#-MultiGet;#-Set)
1600;17548;0;0 
1700;15491;0;0 
1800;13295;0;0 
1900;12585;0;0 
2000;15094;0;0 
2100;38187;0;0 
2200;41169;0;0 
2300;13076;0;0 
2400;7207;0;0 
2500;6111;0;0 
2600;5794;0;0 
2700;5547;0;0 
2800;5093;0;0 
2900;4932;0;0 
3000;5037;0;0 
3100;4960;0;0 
3200;4937;0;0 
3300;4760;0;0 
3400;4666;0;0 
3500;4610;0;0 
3600;4720;0;0 
3700;4657;0;0 
3800;4174;0;0 
3900;3740;0;0 
4000;3484;0;0 
4100;3370;0;0 
4200;4096;0;0 
4300;3485;0;0 
4400;2441;0;0 
4500;2275;0;0 
4600;2210;0;0 
4700;2300;0;0 
4800;2013;0;0 
4900;1851;0;0 
5000;1720;0;0 
5100;1795;0;0 
5200;1838;0;0 
5300;1702;0;0 
5400;1597;0;0 
5500;1286;0;0 
5600;1239;0;0 
5700;949;0;0 
5800;812;0;0 
5900;976;0;0 
6000;939;0;0 
6100;915;0;0 
6200;829;0;0 
6300;867;0;0 
6400;892;0;0 
6500;858;0;0 
6600;798;0;0 
6700;770;0;0 
6800;784;0;0 
6900;751;0;0 
7000;1028;0;0 
7100;1306;0;0 
7200;1440;0;0 
7300;1356;0;0 
7400;1319;0;0 
7500;1277;0;0 
histogramOutOfScopeNumber=505472
histogramOutOfScopeRatio=0.6237084017126711
END: Histogram (#-out of scoope requests=505472, 0.6237084017126711%, buckets for [0ms, 1000ms])
