BEGIN: Histogram (response time <;#-Get;#-MultiGet;#-Set)
1600;2131;0;0 
1700;2009;0;0 
1800;1839;0;0 
1900;1707;0;0 
2000;1527;0;0 
2100;1434;0;0 
2200;1375;0;0 
2300;1285;0;0 
2400;1175;0;0 
2500;1115;0;0 
2600;1078;0;0 
2700;954;0;0 
2800;906;0;0 
2900;864;0;0 
3000;742;0;0 
3100;725;0;0 
3200;675;0;0 
3300;632;0;0 
3400;593;0;0 
3500;638;0;0 
3600;551;0;0 
3700;597;0;0 
3800;563;0;0 
3900;572;0;0 
4000;553;0;0 
4100;560;0;0 
4200;577;0;0 
4300;582;0;0 
4400;576;0;0 
4500;612;0;0 
4600;616;0;0 
4700;518;0;0 
4800;532;0;0 
4900;467;0;0 
5000;457;0;0 
5100;522;0;0 
5200;444;0;0 
5300;459;0;0 
5400;450;0;0 
5500;436;0;0 
5600;464;0;0 
5700;467;0;0 
5800;459;0;0 
5900;445;0;0 
6000;459;0;0 
6100;493;0;0 
6200;546;0;0 
6300;552;0;0 
6400;530;0;0 
6500;648;0;0 
6600;705;0;0 
6700;717;0;0 
6800;742;0;0 
6900;847;0;0 
7000;916;0;0 
7100;991;0;0 
7200;972;0;0 
7300;683;0;0 
7400;379;0;0 
7500;292;0;0 
histogramOutOfScopeNumber=659571
histogramOutOfScopeRatio=0.9343344769848397
END: Histogram (#-out of scoope requests=659571, 0.9343344769848397%, buckets for [0ms, 1000ms])
