BEGIN: Histogram (response time <;#-Get;#-MultiGet;#-Set)
1600;2191;0;0 
1700;2027;0;0 
1800;1907;0;0 
1900;1769;0;0 
2000;1644;0;0 
2100;1649;0;0 
2200;1488;0;0 
2300;1373;0;0 
2400;1309;0;0 
2500;1187;0;0 
2600;1092;0;0 
2700;1025;0;0 
2800;931;0;0 
2900;895;0;0 
3000;829;0;0 
3100;799;0;0 
3200;770;0;0 
3300;692;0;0 
3400;612;0;0 
3500;583;0;0 
3600;599;0;0 
3700;543;0;0 
3800;516;0;0 
3900;518;0;0 
4000;477;0;0 
4100;504;0;0 
4200;499;0;0 
4300;489;0;0 
4400;495;0;0 
4500;462;0;0 
4600;471;0;0 
4700;433;0;0 
4800;426;0;0 
4900;398;0;0 
5000;369;0;0 
5100;452;0;0 
5200;378;0;0 
5300;366;0;0 
5400;392;0;0 
5500;350;0;0 
5600;365;0;0 
5700;366;0;0 
5800;385;0;0 
5900;365;0;0 
6000;404;0;0 
6100;411;0;0 
6200;411;0;0 
6300;497;0;0 
6400;516;0;0 
6500;524;0;0 
6600;565;0;0 
6700;636;0;0 
6800;674;0;0 
6900;743;0;0 
7000;816;0;0 
7100;974;0;0 
7200;1001;0;0 
7300;614;0;0 
7400;308;0;0 
7500;229;0;0 
histogramOutOfScopeNumber=707415
histogramOutOfScopeRatio=0.9405513423247107
END: Histogram (#-out of scoope requests=707415, 0.9405513423247107%, buckets for [0ms, 1000ms])
