BEGIN: Histogram (response time <;#-Get;#-MultiGet;#-Set)
1600;2536;0;0 
1700;2387;0;0 
1800;2166;0;0 
1900;1980;0;0 
2000;1956;0;0 
2100;1902;0;0 
2200;1891;0;0 
2300;1829;0;0 
2400;1741;0;0 
2500;1667;0;0 
2600;1586;0;0 
2700;1578;0;0 
2800;1388;0;0 
2900;1380;0;0 
3000;1302;0;0 
3100;1236;0;0 
3200;1147;0;0 
3300;1017;0;0 
3400;986;0;0 
3500;1005;0;0 
3600;930;0;0 
3700;736;0;0 
3800;702;0;0 
3900;601;0;0 
4000;606;0;0 
4100;508;0;0 
4200;442;0;0 
4300;452;0;0 
4400;432;0;0 
4500;403;0;0 
4600;392;0;0 
4700;369;0;0 
4800;283;0;0 
4900;316;0;0 
5000;213;0;0 
5100;367;0;0 
5200;266;0;0 
5300;181;0;0 
5400;147;0;0 
5500;128;0;0 
5600;93;0;0 
5700;101;0;0 
5800;80;0;0 
5900;104;0;0 
6000;89;0;0 
6100;94;0;0 
6200;138;0;0 
6300;182;0;0 
6400;200;0;0 
6500;195;0;0 
6600;199;0;0 
6700;211;0;0 
6800;203;0;0 
6900;242;0;0 
7000;431;0;0 
7100;721;0;0 
7200;739;0;0 
7300;498;0;0 
7400;382;0;0 
7500;192;0;0 
histogramOutOfScopeNumber=788692
histogramOutOfScopeRatio=0.9446091934749803
END: Histogram (#-out of scoope requests=788692, 0.9446091934749803%, buckets for [0ms, 1000ms])
