BEGIN: Histogram (response time <;#-Get;#-MultiGet;#-Set)
1600;1445;0;0 
1700;1324;0;0 
1800;1311;0;0 
1900;1305;0;0 
2000;1272;0;0 
2100;1208;0;0 
2200;1170;0;0 
2300;1166;0;0 
2400;1160;0;0 
2500;1228;0;0 
2600;1215;0;0 
2700;1256;0;0 
2800;1241;0;0 
2900;1265;0;0 
3000;1319;0;0 
3100;1402;0;0 
3200;1459;0;0 
3300;1436;0;0 
3400;1505;0;0 
3500;1502;0;0 
3600;1626;0;0 
3700;1627;0;0 
3800;1706;0;0 
3900;1606;0;0 
4000;1539;0;0 
4100;1431;0;0 
4200;1387;0;0 
4300;1339;0;0 
4400;1160;0;0 
4500;967;0;0 
4600;966;0;0 
4700;805;0;0 
4800;644;0;0 
4900;576;0;0 
5000;486;0;0 
5100;474;0;0 
5200;415;0;0 
5300;398;0;0 
5400;343;0;0 
5500;264;0;0 
5600;269;0;0 
5700;209;0;0 
5800;209;0;0 
5900;194;0;0 
6000;181;0;0 
6100;189;0;0 
6200;162;0;0 
6300;200;0;0 
6400;249;0;0 
6500;234;0;0 
6600;294;0;0 
6700;286;0;0 
6800;239;0;0 
6900;286;0;0 
7000;369;0;0 
7100;519;0;0 
7200;553;0;0 
7300;529;0;0 
7400;376;0;0 
7500;275;0;0 
histogramOutOfScopeNumber=536494
histogramOutOfScopeRatio=0.911995294629622
END: Histogram (#-out of scoope requests=536494, 0.911995294629622%, buckets for [0ms, 1000ms])
