BEGIN: Histogram (response time <;#-Get;#-MultiGet;#-Set)
1600;2270;0;0 
1700;2086;0;0 
1800;1899;0;0 
1900;1771;0;0 
2000;1553;0;0 
2100;1594;0;0 
2200;1457;0;0 
2300;1332;0;0 
2400;1227;0;0 
2500;1227;0;0 
2600;1125;0;0 
2700;971;0;0 
2800;940;0;0 
2900;903;0;0 
3000;813;0;0 
3100;720;0;0 
3200;691;0;0 
3300;693;0;0 
3400;651;0;0 
3500;609;0;0 
3600;574;0;0 
3700;508;0;0 
3800;554;0;0 
3900;540;0;0 
4000;602;0;0 
4100;534;0;0 
4200;550;0;0 
4300;586;0;0 
4400;609;0;0 
4500;638;0;0 
4600;547;0;0 
4700;555;0;0 
4800;496;0;0 
4900;496;0;0 
5000;402;0;0 
5100;439;0;0 
5200;425;0;0 
5300;439;0;0 
5400;485;0;0 
5500;440;0;0 
5600;450;0;0 
5700;444;0;0 
5800;464;0;0 
5900;468;0;0 
6000;469;0;0 
6100;487;0;0 
6200;474;0;0 
6300;486;0;0 
6400;453;0;0 
6500;505;0;0 
6600;577;0;0 
6700;555;0;0 
6800;605;0;0 
6900;730;0;0 
7000;702;0;0 
7100;742;0;0 
7200;708;0;0 
7300;451;0;0 
7400;277;0;0 
7500;238;0;0 
histogramOutOfScopeNumber=659720
histogramOutOfScopeRatio=0.9358314561476178
END: Histogram (#-out of scoope requests=659720, 0.9358314561476178%, buckets for [0ms, 1000ms])
