BEGIN: Histogram (response time <;#-Get;#-MultiGet;#-Set)
1600;6171;0;0 
1700;5767;0;0 
1800;5325;0;0 
1900;4944;0;0 
2000;4712;0;0 
2100;4402;0;0 
2200;4160;0;0 
2300;3916;0;0 
2400;3781;0;0 
2500;3532;0;0 
2600;3411;0;0 
2700;3294;0;0 
2800;3051;0;0 
2900;2975;0;0 
3000;2928;0;0 
3100;2792;0;0 
3200;2605;0;0 
3300;2482;0;0 
3400;2509;0;0 
3500;2413;0;0 
3600;2403;0;0 
3700;2347;0;0 
3800;2327;0;0 
3900;2270;0;0 
4000;2236;0;0 
4100;2189;0;0 
4200;2136;0;0 
4300;2127;0;0 
4400;2045;0;0 
4500;2105;0;0 
4600;1991;0;0 
4700;1914;0;0 
4800;1872;0;0 
4900;1903;0;0 
5000;1719;0;0 
5100;1716;0;0 
5200;1562;0;0 
5300;1533;0;0 
5400;1468;0;0 
5500;1485;0;0 
5600;1447;0;0 
5700;1478;0;0 
5800;1355;0;0 
5900;1371;0;0 
6000;1291;0;0 
6100;1363;0;0 
6200;1385;0;0 
6300;1404;0;0 
6400;1487;0;0 
6500;1587;0;0 
6600;1819;0;0 
6700;1788;0;0 
6800;2022;0;0 
6900;2080;0;0 
7000;2197;0;0 
7100;2196;0;0 
7200;1949;0;0 
7300;1676;0;0 
7400;1236;0;0 
7500;940;0;0 
histogramOutOfScopeNumber=973269
histogramOutOfScopeRatio=0.8691003680823819
END: Histogram (#-out of scoope requests=973269, 0.8691003680823819%, buckets for [0ms, 1000ms])
