BEGIN: Histogram (response time <;#-Get;#-MultiGet;#-Set)
1600;2294;0;0 
1700;2127;0;0 
1800;1888;0;0 
1900;1730;0;0 
2000;1656;0;0 
2100;1615;0;0 
2200;1413;0;0 
2300;1440;0;0 
2400;1311;0;0 
2500;1165;0;0 
2600;1178;0;0 
2700;1048;0;0 
2800;921;0;0 
2900;903;0;0 
3000;874;0;0 
3100;884;0;0 
3200;758;0;0 
3300;707;0;0 
3400;638;0;0 
3500;652;0;0 
3600;584;0;0 
3700;615;0;0 
3800;614;0;0 
3900;571;0;0 
4000;528;0;0 
4100;554;0;0 
4200;568;0;0 
4300;574;0;0 
4400;616;0;0 
4500;598;0;0 
4600;579;0;0 
4700;540;0;0 
4800;486;0;0 
4900;489;0;0 
5000;489;0;0 
5100;529;0;0 
5200;514;0;0 
5300;502;0;0 
5400;532;0;0 
5500;504;0;0 
5600;516;0;0 
5700;523;0;0 
5800;523;0;0 
5900;539;0;0 
6000;567;0;0 
6100;556;0;0 
6200;594;0;0 
6300;626;0;0 
6400;668;0;0 
6500;708;0;0 
6600;698;0;0 
6700;828;0;0 
6800;826;0;0 
6900;846;0;0 
7000;1044;0;0 
7100;911;0;0 
7200;820;0;0 
7300;588;0;0 
7400;339;0;0 
7500;243;0;0 
histogramOutOfScopeNumber=640744
histogramOutOfScopeRatio=0.9287558251618
END: Histogram (#-out of scoope requests=640744, 0.9287558251618%, buckets for [0ms, 1000ms])
