BEGIN: Histogram (response time <;#-Get;#-MultiGet;#-Set)
1600;19050;0;0 
1700;16413;0;0 
1800;14677;0;0 
1900;14089;0;0 
2000;17006;0;0 
2100;47493;0;0 
2200;50637;0;0 
2300;13549;0;0 
2400;8033;0;0 
2500;6925;0;0 
2600;6363;0;0 
2700;6086;0;0 
2800;5665;0;0 
2900;5008;0;0 
3000;4756;0;0 
3100;4839;0;0 
3200;4874;0;0 
3300;4818;0;0 
3400;4710;0;0 
3500;5070;0;0 
3600;4928;0;0 
3700;4164;0;0 
3800;3533;0;0 
3900;3171;0;0 
4000;2772;0;0 
4100;2971;0;0 
4200;3841;0;0 
4300;3207;0;0 
4400;1921;0;0 
4500;1744;0;0 
4600;1612;0;0 
4700;1447;0;0 
4800;1387;0;0 
4900;1341;0;0 
5000;1308;0;0 
5100;1253;0;0 
5200;1305;0;0 
5300;1041;0;0 
5400;835;0;0 
5500;796;0;0 
5600;805;0;0 
5700;699;0;0 
5800;636;0;0 
5900;638;0;0 
6000;634;0;0 
6100;681;0;0 
6200;590;0;0 
6300;619;0;0 
6400;613;0;0 
6500;612;0;0 
6600;600;0;0 
6700;616;0;0 
6800;568;0;0 
6900;725;0;0 
7000;976;0;0 
7100;1278;0;0 
7200;1277;0;0 
7300;1259;0;0 
7400;1323;0;0 
7500;1263;0;0 
histogramOutOfScopeNumber=487919
histogramOutOfScopeRatio=0.6031368321901086
END: Histogram (#-out of scoope requests=487919, 0.6031368321901086%, buckets for [0ms, 1000ms])
