BEGIN: Histogram (response time <;#-Get;#-MultiGet;#-Set)
1600;8882;0;0 
1700;7830;0;0 
1800;6943;0;0 
1900;6614;0;0 
2000;6566;0;0 
2100;6862;0;0 
2200;7265;0;0 
2300;5847;0;0 
2400;5564;0;0 
2500;5178;0;0 
2600;5074;0;0 
2700;5027;0;0 
2800;4778;0;0 
2900;4726;0;0 
3000;4695;0;0 
3100;4374;0;0 
3200;4424;0;0 
3300;4246;0;0 
3400;4146;0;0 
3500;4136;0;0 
3600;4262;0;0 
3700;4147;0;0 
3800;4138;0;0 
3900;3840;0;0 
4000;4027;0;0 
4100;4164;0;0 
4200;4153;0;0 
4300;4040;0;0 
4400;3925;0;0 
4500;4020;0;0 
4600;4039;0;0 
4700;3697;0;0 
4800;3821;0;0 
4900;3804;0;0 
5000;3351;0;0 
5100;3301;0;0 
5200;3184;0;0 
5300;2664;0;0 
5400;2373;0;0 
5500;2308;0;0 
5600;2298;0;0 
5700;1953;0;0 
5800;1665;0;0 
5900;1502;0;0 
6000;1354;0;0 
6100;1304;0;0 
6200;1160;0;0 
6300;1011;0;0 
6400;1008;0;0 
6500;951;0;0 
6600;917;0;0 
6700;864;0;0 
6800;859;0;0 
6900;914;0;0 
7000;1295;0;0 
7100;1647;0;0 
7200;1784;0;0 
7300;1617;0;0 
7400;1540;0;0 
7500;1351;0;0 
histogramOutOfScopeNumber=1313863
histogramOutOfScopeRatio=0.8602565848573815
END: Histogram (#-out of scoope requests=1313863, 0.8602565848573815%, buckets for [0ms, 1000ms])
